A
00000000000000000000000000000000
00000000000000000000000000000000
00000000000000111100000000000000
00000000000001111110000000000000
00000000000011111111000000000000
00000000000111111111100000000000
00000000001111000011110000000000
00000000011110000001111000000000
00000000111100000000111100000000
00000001111000000000011110000000
00000011110000000000001111000000
00000111100000000000000111100000
00001111000000000000000011110000
00001111000000000000000011110000
00001111000000000000000011110000
00001111000000000000000011110000
00001111000000000000000011110000
00001111111111111111111111110000
00001111111111111111111111110000
00001111111111111111111111110000
00001111111111111111111111110000
00001111000000000000000011110000
00001111000000000000000011110000
00001111000000000000000011110000
00001111000000000000000011110000
00001111000000000000000011110000
00001111000000000000000011110000
00001111000000000000000011110000
00001111000000000000000011110000
00001111000000000000000011110000
00001111000000000000000011110000
00001111000000000000000011110000

B
00000000000000000000000000000000
00000000000000000000000000000000
00000000000000000000000000000000
00000000000000000000000000000000
00001111111111111111100000000000
00001111111111111111110000000000
00001111111111111111111000000000
00001111111111111111111100000000
00001111000000000011111110000000
00001111000000000001111111000000
00001111000000000000111111000000
00001111000000000000011111000000
00001111000000000000011111000000
00001111000000000000111111000000
00001111000000000001111111000000
00001111000000000011111110000000
00001111111111111111111100000000
00001111111111111111111000000000
00001111111111111111110000000000
00001111111111111111110000000000
00001111000000000011111000000000
00001111000000000001111100000000
00001111000000000000111110000000
00001111000000000000011111000000
00001111000000000000011111000000
00001111000000000000111111000000
00001111000000000001111111000000
00001111000000000011111110000000
00001111111111111111111100000000
00001111111111111111111000000000
00001111111111111111110000000000
00001111111111111111100000000000

C
00000000000000000000000000000000
00000000000000000000000000000000
00000000000000000000000000000000
00000000000000000000000000000000
00000000000011111111111111110000
00000000000111111111111111110000
00000000001111111111111111110000
00000000011111111111111111110000
00000000111111000000000000000000
00000001111110000000000000000000
00000011111100000000000000000000
00000111111000000000000000000000
00001111110000000000000000000000
00001111100000000000000000000000
00001111000000000000000000000000
00001111000000000000000000000000
00001111000000000000000000000000
00001111000000000000000000000000
00001111000000000000000000000000
00001111000000000000000000000000
00001111000000000000000000000000
00001111000000000000000000000000
00001111100000000000000000000000
00001111110000000000000000000000
00000111111000000000000000000000
00000011111100000000000000000000
00000001111110000000000000000000
00000000111111000000000000000000
00000000011111111111111111110000
00000000001111111111111111110000
00000000000111111111111111110000
00000000000011111111111111110000

D
00000000000000000000000000000000
00000000000000000000000000000000
00000000000000000000000000000000
00000000000000000000000000000000
00001111111111111111000000000000
00001111111111111111100000000000
00001111111111111111110000000000
00001111111111111111111000000000
00001111000000000011111100000000
00001111000000000001111110000000
00001111000000000000111111000000
00001111000000000000011111100000
00001111000000000000001111110000
00001111000000000000000111110000
00001111000000000000000011110000
00001111000000000000000011110000
00001111000000000000000011110000
00001111000000000000000011110000
00001111000000000000000011110000
00001111000000000000000011110000
00001111000000000000000011110000
00001111000000000000000011110000
00001111000000000000000111110000
00001111000000000000001111110000
00001111000000000000011111100000
00001111000000000000111111000000
00001111000000000001111110000000
00001111000000000011111100000000
00001111111111111111111000000000
00001111111111111111110000000000
00001111111111111111100000000000
00001111111111111111000000000000

E
00000000000000000000000000000000
00000000000000000000000000000000
00000000000000000000000000000000
00000000000000000000000000000000
00001111111111111111111111110000
00001111111111111111111111110000
00001111111111111111111111110000
00001111111111111111111111110000
00001111000000000000000000000000
00001111000000000000000000000000
00001111000000000000000000000000
00001111000000000000000000000000
00001111000000000000000000000000
00001111000000000000000000000000
00001111000000000000000000000000
00001111000000000000000000000000
00001111111111111111111111110000
00001111111111111111111111110000
00001111111111111111111111110000
00001111111111111111111111110000
00001111000000000000000000000000
00001111000000000000000000000000
00001111000000000000000000000000
00001111000000000000000000000000
00001111000000000000000000000000
00001111000000000000000000000000
00001111000000000000000000000000
00001111000000000000000000000000
00001111111111111111111111110000
00001111111111111111111111110000
00001111111111111111111111110000
00001111111111111111111111110000

F
00000000000000000000000000000000
00000000000000000000000000000000
00000000000000000000000000000000
00000000000000000000000000000000
00001111111111111111111111110000
00001111111111111111111111110000
00001111111111111111111111110000
00001111111111111111111111110000
00001111000000000000000000000000
00001111000000000000000000000000
00001111000000000000000000000000
00001111000000000000000000000000
00001111000000000000000000000000
00001111000000000000000000000000
00001111000000000000000000000000
00001111000000000000000000000000
00001111111111111111111111110000
00001111111111111111111111110000
00001111111111111111111111110000
00001111111111111111111111110000
00001111000000000000000000000000
00001111000000000000000000000000
00001111000000000000000000000000
00001111000000000000000000000000
00001111000000000000000000000000
00001111000000000000000000000000
00001111000000000000000000000000
00001111000000000000000000000000
00001111000000000000000000000000
00001111000000000000000000000000
00001111000000000000000000000000
00001111000000000000000000000000

G
00000000000000000000000000000000
00000000000000000000000000000000
00000000000000000000000000000000
00000000000000000000000000000000
00000000111111111111111100000000
00000001111111111111111110000000
00000011111111111111111111000000
00000111111111111111111111100000
00001111110000000000001111110000
00001111100000000000000111110000
00001111000000000000000011110000
00001111000000000000000011110000
00001111000000000000000000000000
00001111000000000000000000000000
00001111000000000000000000000000
00001111000000000000000000000000
00001111000000001111111111110000
00001111000000001111111111110000
00001111000000001111111111110000
00001111000000001111111111110000
00001111000000000000000011110000
00001111000000000000000011110000
00001111000000000000000011110000
00001111000000000000000011110000
00001111000000000000000011110000
00001111000000000000000011110000
00001111100000000000000111110000
00001111110000000000001111110000
00000111111111111111111111100000
00000011111111111111111111000000
00000001111111111111111110000000
00000000111111111111111100000000

H
00000000000000000000000000000000
00000000000000000000000000000000
00000000000000000000000000000000
00000000000000000000000000000000
00001111000000000000000011110000
00001111000000000000000011110000
00001111000000000000000011110000
00001111000000000000000011110000
00001111000000000000000011110000
00001111000000000000000011110000
00001111000000000000000011110000
00001111000000000000000011110000
00001111000000000000000011110000
00001111000000000000000011110000
00001111000000000000000011110000
00001111000000000000000011110000
00001111111111111111111111110000
00001111111111111111111111110000
00001111111111111111111111110000
00001111111111111111111111110000
00001111000000000000000011110000
00001111000000000000000011110000
00001111000000000000000011110000
00001111000000000000000011110000
00001111000000000000000011110000
00001111000000000000000011110000
00001111000000000000000011110000
00001111000000000000000011110000
00001111000000000000000011110000
00001111000000000000000011110000
00001111000000000000000011110000
00001111000000000000000011110000

I
00000000000000000000000000000000
00000000000000000000000000000000
00000000000000000000000000000000
00000000000000000000000000000000
00001111111111111111111111110000
00001111111111111111111111110000
00001111111111111111111111110000
00001111111111111111111111110000
00000000000000111100000000000000
00000000000000111100000000000000
00000000000000111100000000000000
00000000000000111100000000000000
00000000000000111100000000000000
00000000000000111100000000000000
00000000000000111100000000000000
00000000000000111100000000000000
00000000000000111100000000000000
00000000000000111100000000000000
00000000000000111100000000000000
00000000000000111100000000000000
00000000000000111100000000000000
00000000000000111100000000000000
00000000000000111100000000000000
00000000000000111100000000000000
00000000000000111100000000000000
00000000000000111100000000000000
00000000000000111100000000000000
00000000000000111100000000000000
00001111111111111111111111110000
00001111111111111111111111110000
00001111111111111111111111110000
00001111111111111111111111110000

J
00000000000000000000000000000000
00000000000000000000000000000000
00000000000000000000000000000000
00000000000000000000000000000000
00001111111111111111111111110000
00001111111111111111111111110000
00001111111111111111111111110000
00001111111111111111111111110000
00000000000000000011111000000000
00000000000000000001111000000000
00000000000000000001111000000000
00000000000000000001111000000000
00000000000000000001111000000000
00000000000000000001111000000000
00000000000000000001111000000000
00000000000000000001111000000000
00000000000000000001111000000000
00000000000000000001111000000000
00000000000000000001111000000000
00000000000000000001111000000000
00000000000000000001111000000000
00000000000000000001111000000000
00000000000000000001111000000000
00000000000000000001111000000000
00000000000000000001111000000000
00000000000000000001111000000000
00011111000000000001111000000000
00011111100000000011111000000000
00001111110000000111110000000000
00000111111111111111100000000000
00000011111111111111000000000000
00000001111111111110000000000000

K
00000000000000000000000000000000
00000000000000000000000000000000
00000000000000000000000000000000
00000000000000000000000000000000
00001111000000000000111000000000
00001111000000000001111000000000
00001111000000000011111000000000
00001111000000000111111000000000
00001111000000001111110000000000
00001111000000011111100000000000
00001111000000111111000000000000
00001111000001111110000000000000
00001111000011111100000000000000
00001111000111111000000000000000
00001111001111110000000000000000
00001111011111100000000000000000
00001111111111000000000000000000
00001111111111000000000000000000
00001111111111100000000000000000
00001111000111110000000000000000
00001111000011111000000000000000
00001111000001111100000000000000
00001111000000111110000000000000
00001111000000011111000000000000
00001111000000001111100000000000
00001111000000000111110000000000
00001111000000000011111000000000
00001111000000000001111100000000
00001111000000000000111110000000
00001111000000000000011111000000
00001111000000000000001111100000
00001111000000000000000111110000

L
00000000000000000000000000000000
00000000000000000000000000000000
00000000000000000000000000000000
00000000000000000000000000000000
00001111000000000000000000000000
00001111000000000000000000000000
00001111000000000000000000000000
00001111000000000000000000000000
00001111000000000000000000000000
00001111000000000000000000000000
00001111000000000000000000000000
00001111000000000000000000000000
00001111000000000000000000000000
00001111000000000000000000000000
00001111000000000000000000000000
00001111000000000000000000000000
00001111000000000000000000000000
00001111000000000000000000000000
00001111000000000000000000000000
00001111000000000000000000000000
00001111000000000000000000000000
00001111000000000000000000000000
00001111000000000000000000000000
00001111000000000000000000000000
00001111000000000000000000000000
00001111000000000000000000000000
00001111000000000000000000000000
00001111000000000000000000000000
00001111111111111111111111110000
00001111111111111111111111110000
00001111111111111111111111110000
00001111111111111111111111110000

M
00000000000000000000000000000000
00000000000000000000000000000000
00000000000000000000000000000000
00001110000000000000000001110000
00001111000000000000000011110000
00001111100000000000000111110000
00001111110000000000001111110000
00001111111000000000011111110000
00001111111100000000111111110000
00001111111110000001111111110000
00001111111111000011111111110000
00001111111111111111111111110000
00001111001111111111110011110000
00001111000111111111100011110000
00001111000011111111000011110000
00001111000001111110000011110000
00001111000000000000000011110000
00001111000000000000000011110000
00001111000000000000000011110000
00001111000000000000000011110000
00001111000000000000000011110000
00001111000000000000000011110000
00001111000000000000000011110000
00001111000000000000000011110000
00001111000000000000000011110000
00001111000000000000000011110000
00001111000000000000000011110000
00001111000000000000000011110000
00001111000000000000000011110000
00001111000000000000000011110000
00001111000000000000000011110000
00001111000000000000000011110000

N
00000000000000000000000000000000
00000000000000000000000000000000
00000000000000000000000000000000
00000000000000000000000000000000
00001111100000000000000111100000
00001111110000000000000111100000
00001111111000000000000111100000
00001111111100000000000111100000
00001111111100000000000111100000
00001111011110000000000111100000
00001111011110000000000111100000
00001111001111000000000111100000
00001111001111000000000111100000
00001111000111100000000111100000
00001111000111100000000111100000
00001111000011110000000111100000
00001111000011110000000111100000
00001111000001111000000111100000
00001111000001111000000111100000
00001111000000111100000111100000
00001111000000111100000111100000
00001111000000011110000111100000
00001111000000011110000111100000
00001111000000001111000111100000
00001111000000001111000111100000
00001111000000000111100111100000
00001111000000000111100111100000
00001111000000000011110111100000
00001111000000000011110111100000
00001111000000000001111111100000
00001111000000000000111111100000
00001111000000000000011111100000

O
00000000000000000000000000000000
00000000000000000000000000000000
00000000000000000000000000000000
00000000000000000000000000000000
00000000111111111111111100000000
00000001111111111111111110000000
00000011111111111111111111000000
00000111111111111111111111100000
00001111110000000000001111110000
00001111100000000000000111110000
00001111000000000000000011110000
00001111000000000000000011110000
00001111000000000000000011110000
00001111000000000000000011110000
00001111000000000000000011110000
00001111000000000000000011110000
00001111000000000000000011110000
00001111000000000000000011110000
00001111000000000000000011110000
00001111000000000000000011110000
00001111000000000000000011110000
00001111000000000000000011110000
00001111000000000000000011110000
00001111000000000000000011110000
00001111000000000000000011110000
00001111000000000000000011110000
00001111100000000000000111110000
00001111110000000000001111110000
00000111111111111111111111100000
00000011111111111111111111000000
00000001111111111111111110000000
00000000111111111111111100000000

P
00000000000000000000000000000000
00000000000000000000000000000000
00000000000000000000000000000000
00000000000000000000000000000000
00001111111111111111111100000000
00001111111111111111111110000000
00001111111111111111111111000000
00001111111111111111111111100000
00001111000000000000001111110000
00001111000000000000000111110000
00001111000000000000000011110000
00001111000000000000000011110000
00001111000000000000000011110000
00001111000000000000000011110000
00001111000000000000000111110000
00001111000000000000001111110000
00001111111111111111111111100000
00001111111111111111111111000000
00001111111111111111111110000000
00001111111111111111111100000000
00001111000000000000000000000000
00001111000000000000000000000000
00001111000000000000000000000000
00001111000000000000000000000000
00001111000000000000000000000000
00001111000000000000000000000000
00001111000000000000000000000000
00001111000000000000000000000000
00001111000000000000000000000000
00001111000000000000000000000000
00001111000000000000000000000000
00001111000000000000000000000000

Q
00000000000000000000000000000000
00000000000000000000000000000000
00000000000000000000000000000000
00000000000000000000000000000000
00000000111111111111111100000000
00000001111111111111111110000000
00000011111111111111111111000000
00000111111111111111111111100000
00001111110000000000001111110000
00001111100000000000000111110000
00001111000000000000000011110000
00001111000000000000000011110000
00001111000000000000000011110000
00001111000000000000000011110000
00001111000000000000000011110000
00001111000000000000000011110000
00001111000000000000000011110000
00001111000000000000000011110000
00001111000000000000000011110000
00001111000000000000000011110000
00001111000000000000000011110000
00001111000000000000000011110000
00001111100000000000000111110000
00001111110000000000001111110000
00000111111111111111111111000000
00000011111111111111111110000000
00000001111111111111111100000000
00000000111111111111111100000000
00000000000000000000111110000000
00000000000000000000011111000000
00000000000000000000001111100000
00000000000000000000000011110000

R
00000000000000000000000000000000
00000000000000000000000000000000
00000000000000000000000000000000
00000000000000000000000000000000
00001111111111111111111100000000
00001111111111111111111110000000
00001111111111111111111111000000
00001111111111111111111111100000
00001111000000000000001111110000
00001111000000000000000111110000
00001111000000000000000011110000
00001111000000000000000011110000
00001111000000000000000011110000
00001111000000000000000011110000
00001111000000000000000111110000
00001111000000000000001111110000
00001111111111111111111111100000
00001111111111111111111111000000
00001111111111111111111110000000
00001111111111111111111100000000
00001111000000111111000000000000
00001111000000011111100000000000
00001111000000001111110000000000
00001111000000000111111000000000
00001111000000000011111100000000
00001111000000000001111110000000
00001111000000000000111111000000
00001111000000000000011111100000
00001111000000000000001111110000
00001111000000000000000111111000
00001111000000000000000011111100
00001111000000000000000001111110

S
00000000000000000000000000000000
00000000000000000000000000000000
00000000000000000000000000000000
00000000000000000000000000000000
00000000111111111111111100000000
00000001111111111111111110000000
00000011111111111111111111000000
00000111111111111111111111100000
00001111110000000000001111110000
00001111100000000000000111110000
00001111000000000000000011110000
00001111000000000000000001100000
00001111000000000000000000000000
00001111000000000000000000000000
00001111100000000000000000000000
00001111110000000000000000000000
00000111111111111111111100000000
00000011111111111111111110000000
00000001111111111111111111000000
00000000111111111111111111100000
00000000000000000000000011110000
00000000000000000000000011110000
00000000000000000000000011110000
00000000000000000000000011110000
00000110000000000000000011110000
00001111000000000000000011110000
00001111100000000000000111110000
00001111110000000000001111110000
00000111111111111111111111100000
00000011111111111111111111000000
00000001111111111111111110000000
00000000111111111111111100000000

T
00000000000000000000000000000000
00000000000000000000000000000000
00000000000000000000000000000000
00000000000000000000000000000000
00001111111111111111111111110000
00001111111111111111111111110000
00001111111111111111111111110000
00001111111111111111111111110000
00000000000000111100000000000000
00000000000000111100000000000000
00000000000000111100000000000000
00000000000000111100000000000000
00000000000000111100000000000000
00000000000000111100000000000000
00000000000000111100000000000000
00000000000000111100000000000000
00000000000000111100000000000000
00000000000000111100000000000000
00000000000000111100000000000000
00000000000000111100000000000000
00000000000000111100000000000000
00000000000000111100000000000000
00000000000000111100000000000000
00000000000000111100000000000000
00000000000000111100000000000000
00000000000000111100000000000000
00000000000000111100000000000000
00000000000000111100000000000000
00000000000000111100000000000000
00000000000000111100000000000000
00000000000000111100000000000000
00000000000000111100000000000000

U
00000000000000000000000000000000
00000000000000000000000000000000
00000000000000000000000000000000
00000000000000000000000000000000
00001111000000000000000011110000
00001111000000000000000011110000
00001111000000000000000011110000
00001111000000000000000011110000
00001111000000000000000011110000
00001111000000000000000011110000
00001111000000000000000011110000
00001111000000000000000011110000
00001111000000000000000011110000
00001111000000000000000011110000
00001111000000000000000011110000
00001111000000000000000011110000
00001111000000000000000011110000
00001111000000000000000011110000
00001111000000000000000011110000
00001111000000000000000011110000
00001111000000000000000011110000
00001111000000000000000011110000
00001111000000000000000011110000
00001111000000000000000011110000
00001111000000000000000011110000
00001111000000000000000011110000
00001111100000000000000111110000
00001111110000000000001111110000
00000111111111111111111111100000
00000011111111111111111111000000
00000001111111111111111110000000
00000000111111111111111100000000

V
00000000000000000000000000000000
00000000000000000000000000000000
00000000000000000000000000000000
00000000000000000000000000000000
00001111000000000000000011110000
00001111000000000000000011110000
00001111000000000000000011110000
00001111000000000000000011110000
00001111000000000000000011110000
00001111000000000000000011110000
00001111000000000000000011110000
00001111000000000000000011110000
00001111000000000000000011110000
00001111000000000000000011110000
00001111000000000000000011110000
00001111000000000000000011110000
00001111000000000000000011110000
00001111000000000000000011110000
00001111000000000000000011110000
00001111000000000000000011110000
00001111000000000000000011110000
00001111000000000000000011110000
00001111000000000000000011110000
00001111000000000000000111110000
00000111100000000000001111100000
00000011110000000000011111000000
00000001111000000000111110000000
00000000111100000001111100000000
00000000011111111111111000000000
00000000001111111111110000000000
00000000000111111111100000000000
00000000000011111111000000000000

W
00000000000000000000000000000000
00000000000000000000000000000000
00000000000000000000000000000000
00000000000000000000000000000000
00001111000000000000000011110000
00001111000000000000000011110000
00001111000000000000000011110000
00001111000000000000000011110000
00001111000000000000000011110000
00001111000000000000000011110000
00001111000000000000000011110000
00001111000000000000000011110000
00001111000000011000000011110000
00001111000000111100000011110000
00001111000000111100000011110000
00001111000000111100000011110000
00001111000000111100000011110000
00001111000000111100000011110000
00001111000000111100000011110000
00001111000000111100000011110000
00001111000000111100000011110000
00001111000000111100000011110000
00001111000000111100000011110000
00001111000000111100000011110000
00001111000000111100000011110000
00001111000000111100000011110000
00001111100001111110000111110000
00001111110011111111001111110000
00000111111111111111111111100000
00000011111111111111111111000000
00000001111111100111111110000000
00000000111111000011111100000000

X
00000000000000000000000000000000
00000000000000000000000000000000
00000000000000000000000000000000
00000000000000000000000000000000
00001111000000000000000011110000
00001111000000000000000011110000
00000111100000000000000111100000
00000011110000000000001111000000
00000001111000000000011110000000
00000000111100000000111100000000
00000000011110000001111000000000
00000000001111000011110000000000
00000000000111100111100000000000
00000000000011111111000000000000
00000000000001111110000000000000
00000000000000111100000000000000
00000000000000111100000000000000
00000000000000111100000000000000
00000000000001111110000000000000
00000000000011111111000000000000
00000000000111100111100000000000
00000000001111000011110000000000
00000000011110000001111000000000
00000000111100000000111100000000
00000001111000000000011110000000
00000011110000000000001111000000
00000111100000000000000111100000
00001111000000000000000011110000
00001111000000000000000011110000
00001111000000000000000011110000
00001111000000000000000011110000
00001111000000000000000011110000

Y
00000000000000000000000000000000
00000000000000000000000000000000
00000000000000000000000000000000
00000000000000000000000000000000
00001110000000000000000001110000
00001111000000000000000011110000
00001111000000000000000011110000
00000111100000000000000111100000
00000011110000000000001111000000
00000001111000000000011110000000
00000000111100000000111100000000
00000000011110000001111000000000
00000000001111000011110000000000
00000000000111100111100000000000
00000000000011111111000000000000
00000000000001111110000000000000
00000000000000111100000000000000
00000000000000111100000000000000
00000000000000111100000000000000
00000000000000111100000000000000
00000000000000111100000000000000
00000000000000111100000000000000
00000000000000111100000000000000
00000000000000111100000000000000
00000000000000111100000000000000
00000000000000111100000000000000
00000000000000111100000000000000
00000000000000111100000000000000
00000000000000111100000000000000
00000000000000111100000000000000
00000000000000111100000000000000
00000000000000111100000000000000

Z
00000000000000000000000000000000
00000000000000000000000000000000
00000000000000000000000000000000
00000000000000000000000000000000
00001111111111111111111111110000
00001111111111111111111111110000
00001111111111111111111111110000
00001111111111111111111111110000
00000000000000000000000111110000
00000000000000000000001111110000
00000000000000000000011111100000
00000000000000000000111111000000
00000000000000000001111110000000
00000000000000000011111100000000
00000000000000000111111000000000
00000000000000001111110000000000
00000000000000011111100000000000
00000000000000111111000000000000
00000000000001111110000000000000
00000000000011111100000000000000
00000000000111111000000000000000
00000000001111110000000000000000
00000000011111100000000000000000
00000000111111000000000000000000
00000001111110000000000000000000
00000011111100000000000000000000
00000111111000000000000000000000
00001111110000000000000000000000
00001111111111111111111111110000
00001111111111111111111111110000
00001111111111111111111111110000
00001111111111111111111111110000

0
00000000000000000000000000000000
00000000000000000000000000000000
00000000000000000000000000000000
00000000000000000000000000000000
00000000111111111111111100000000
00000001111111111111111110000000
00000011111111111111111111000000
00000111111111111111111111100000
00001111110000000000001111110000
00001111100000000000000111110000
00001111000000000000000011110000
00001111000000000000000011110000
00001111000000000000000011110000
00001111000000000000000011110000
00001111000000000000000011110000
00001111000000000000000011110000
00001111000000000000000011110000
00001111000000000000000011110000
00001111000000000000000011110000
00001111000000000000000011110000
00001111000000000000000011110000
00001111000000000000000011110000
00001111000000000000000011110000
00001111000000000000000011110000
00001111000000000000000011110000
00001111000000000000000011110000
00001111100000000000000111110000
00001111110000000000001111110000
00000111111111111111111111100000
00000011111111111111111111000000
00000001111111111111111110000000
00000000111111111111111100000000

1
00000000000000000000000000000000
00000000000000000000000000000000
00000000000000000000000000000000
00000000000000000000000000000000
00000000000111111100000000000000
00000000001111111100000000000000
00000000011111111100000000000000
00000000111110111100000000000000
00000001111100111100000000000000
00000011111000111100000000000000
00000000000000111100000000000000
00000000000000111100000000000000
00000000000000111100000000000000
00000000000000111100000000000000
00000000000000111100000000000000
00000000000000111100000000000000
00000000000000111100000000000000
00000000000000111100000000000000
00000000000000111100000000000000
00000000000000111100000000000000
00000000000000111100000000000000
00000000000000111100000000000000
00000000000000111100000000000000
00000000000000111100000000000000
00000000000000111100000000000000
00000000000000111100000000000000
00000000000000111100000000000000
00000000000000111100000000000000
00000011111111111111111111000000
00000011111111111111111111000000
00000011111111111111111111000000
00000011111111111111111111000000

2
00000000000000000000000000000000
00000000000000000000000000000000
00000000000000000000000000000000
00000000000000000000000000000000
00000000111111111111111100000000
00000001111111111111111110000000
00000011111111111111111111000000
00000111111111111111111111100000
00001111100000000000001111100000
00001111000000000000000111100000
00001111000000000000001111000000
00000000000000000000011110000000
00000000000000000000111100000000
00000000000000000001111000000000
00000000000000000011110000000000
00000000000000000111100000000000
00000000000000001111000000000000
00000000000000011110000000000000
00000000000000111100000000000000
00000000000001111000000000000000
00000000000011110000000000000000
00000000000111100000000000000000
00000000001111000000000000000000
00000000011110000000000000000000
00000000111100000000000000000000
00000001111000000000000000000000
00000011110000000000000000000000
00000111100000000000000000000000
00001111111111111111111111110000
00001111111111111111111111110000
00001111111111111111111111110000
00001111111111111111111111110000

3
00000000000000000000000000000000
00000000000000000000000000000000
00000000000000000000000000000000
00000000000000000000000000000000
00001111111111111111111100000000
00001111111111111111111110000000
00001111111111111111111111000000
00001111111111111111111111100000
00000000000000000000001111110000
00000000000000000000000111110000
00000000000000000000000011110000
00000000000000000000000011110000
00000000000000000000000011110000
00000000000000000000000011110000
00000000000000000000000111110000
00000000000000000000001111110000
00001111111111111111111111100000
00001111111111111111111111000000
00001111111111111111111111000000
00001111111111111111111111100000
00000000000000000000001111110000
00000000000000000000000111110000
00000000000000000000000011110000
00000000000000000000000011110000
00000000000000000000000011110000
00000000000000000000000011110000
00000000000000000000000111110000
00000000000000000000001111110000
00001111111111111111111111100000
00001111111111111111111111000000
00001111111111111111111110000000
00001111111111111111111100000000

4
00000000000000000000000000000000
00000000000000000000000000000000
00000000000000000000000000000000
00000000000000000000000000000000
00001111000000000000111100000000
00001111000000000000111100000000
00001111000000000000111100000000
00001111000000000000111100000000
00001111000000000000111100000000
00001111000000000000111100000000
00001111000000000000111100000000
00001111000000000000111100000000
00001111000000000000111100000000
00001111000000000000111100000000
00001111000000000000111100000000
00001111000000000000111100000000
00001111111111111111111111110000
00001111111111111111111111110000
00000111111111111111111111110000
00000011111111111111111111110000
00000000000000000000111100000000
00000000000000000000111100000000
00000000000000000000111100000000
00000000000000000000111100000000
00000000000000000000111100000000
00000000000000000000111100000000
00000000000000000000111100000000
00000000000000000000111100000000
00000000000000000000111100000000
00000000000000000000111100000000
00000000000000000000111100000000
00000000000000000000111100000000

5
00000000000000000000000000000000
00000000000000000000000000000000
00000000000000000000000000000000
00000000000000000000000000000000
00001111111111111111111111110000
00001111111111111111111111110000
00001111111111111111111111110000
00001111111111111111111111110000
00001111000000000000000000000000
00001111000000000000000000000000
00001111000000000000000000000000
00001111000000000000000000000000
00001111000000000000000000000000
00001111000000000000000000000000
00001111000000000000000000000000
00001111000000000000000000000000
00001111111111111111111111110000
00001111111111111111111111110000
00001111111111111111111111110000
00001111111111111111111111110000
00000000000000000000000011110000
00000000000000000000000011110000
00000000000000000000000011110000
00000000000000000000000011110000
00001111000000000000000011110000
00001111000000000000000011110000
00001111100000000000000111110000
00001111110000000000001111110000
00000111111111111111111111100000
00000011111111111111111111000000
00000001111111111111111110000000
00000000111111111111111100000000

6
00000000000000000000000000000000
00000000000000000000000000000000
00000000000000000000000000000000
00000000000000000000000000000000
00000000111111111111111100000000
00000001111111111111111110000000
00000011111111111111111111000000
00000111111111111111111111100000
00001111110000000000001111110000
00001111100000000000000111110000
00001111000000000000000011110000
00001111000000000000000011110000
00001111000000000000000000000000
00001111000000000000000000000000
00001111000000000000000000000000
00001111000000000000000000000000
00001111111111111111111100000000
00001111111111111111111110000000
00001111111111111111111111000000
00001111111111111111111111100000
00001111110000000000001111110000
00001111100000000000000111110000
00001111000000000000000011110000
00001111000000000000000011110000
00001111000000000000000011110000
00001111000000000000000011110000
00001111100000000000000111110000
00001111110000000000001111110000
00000111111111111111111111100000
00000011111111111111111111000000
00000001111111111111111110000000
00000000111111111111111100000000

7
00000000000000000000000000000000
00000000000000000000000000000000
00000000000000000000000000000000
00000000000000000000000000000000
00001111111111111111111111110000
00001111111111111111111111110000
00001111111111111111111111110000
00001111111111111111111111110000
00000000000000000000000011110000
00000000000000000000000111100000
00000000000000000000001111000000
00000000000000000000011110000000
00000000000000000000111100000000
00000000000000000001111000000000
00000000000000000011110000000000
00000000000000000111100000000000
00000000000000001111000000000000
00000000000000011110000000000000
00000000000000111100000000000000
00000000000001111000000000000000
00000000000011110000000000000000
00000000000011110000000000000000
00000000000011110000000000000000
00000000000011110000000000000000
00000000000011110000000000000000
00000000000011110000000000000000
00000000000011110000000000000000
00000000000011110000000000000000
00000000000011110000000000000000
00000000000011110000000000000000
00000000000011110000000000000000
00000000000011110000000000000000

8
00000000000000000000000000000000
00000000000000000000000000000000
00000000000000000000000000000000
00000000000000000000000000000000
00000000111111111111111100000000
00000001111111111111111110000000
00000011111111111111111111000000
00000111111111111111111111100000
00001111110000000000001111110000
00001111100000000000000111110000
00001111000000000000000011110000
00001111000000000000000011110000
00001111000000000000000011110000
00001111000000000000000011110000
00001111100000000000000111110000
00001111110000000000001111110000
00000111111111111111111111100000
00000011111111111111111111000000
00000001111111111111111110000000
00000011111111111111111111000000
00000111110000000000001111100000
00001111100000000000000111110000
00001111000000000000000011110000
00001111000000000000000011110000
00001111000000000000000011110000
00001111000000000000000011110000
00001111100000000000000111110000
00001111110000000000001111110000
00000111111111111111111111100000
00000011111111111111111111000000
00000001111111111111111110000000
00000000111111111111111100000000

9
00000000000000000000000000000000
00000000000000000000000000000000
00000000000000000000000000000000
00000000000000000000000000000000
00000000111111111111111100000000
00000001111111111111111110000000
00000011111111111111111111000000
00000111111111111111111111100000
00001111110000000000001111110000
00001111100000000000000111110000
00001111000000000000000011110000
00001111000000000000000011110000
00001111000000000000000011110000
00001111000000000000000011110000
00001111100000000000000111110000
00001111110000000000001111110000
00000111111111111111111111110000
00000011111111111111111111110000
00000001111111111111111111110000
00000000111111111111111111110000
00000000000000000000000011110000
00000000000000000000000011110000
00000000000000000000000011110000
00000000000000000000000011110000
00001111000000000000000011110000
00001111000000000000000011110000
00001111000000000000000011110000
00001111100000000000000111110000
00000111111111111111111111100000
00000011111111111111111111000000
00000001111111111111111110000000
00000000111111111111111100000000
