A
00000000
00011000
00100100
01000010
01111110
01000010
01000010
01000010

B
00000000
01111000
01000100
01000100
01111000
01000100
01000010
01111100

C
00000000
00011110
00100000
01000000
01000000
01000000
00100000
00011110

D
00000000
01111000
01000100
01000010
01000010
01000010
01000100
01111000

E
00000000
01111110
01000000
01000000
01111110
01000000
01000000
01111110

F
00000000
01111110
01000000
01000000
01111110
01000000
01000000
01000000

G
00000000
00111100
01000010
01000000
01001110
01000010
01000010
00111100

H
00000000
01000010
01000010
01000010
01111110
01000010
01000010
01000010

I
00000000
01111110
00001000
00001000
00001000
00001000
00001000
01111110

J
00000000
01111110
00001000
00001000
00001000
00001000
00001000
01110000

K
00000000
01000100
01001000
01010000
01110000
01001000
01000100
01000010

L
00000000
01000000
01000000
01000000
01000000
01000000
01000000
01111110

M
00000000
01000010
01100110
01011010
01000010
01000010
01000010
01000010

N
00000000
00111100
01000010
01000010
01000010
01000010
01000010
01000010

O
00000000
00111100
01000010
01000010
01000010
01000010
01000010
00111100

P
00000000
01111100
01000010
01000010
01111100
01000000
01000000
01000000

Q
00000000
00111100
01000010
01000010
01000010
01000010
00111100
00000110

R
00000000
01111100
01000010
01000010
01111100
01001000
01000100
01000010

S
00000000
00111100
01000010
01000000
00111100
00000010
01000010
00111100

T
00000000
01111110
00001000
00001000
00001000
00001000
00001000
00001000

U
00000000
01000010
01000010
01000010
01000010
01000010
01000010
00111100

V
00000000
01000010
01000010
01000010
01000010
01000010
00100100
00011000

W
00000000
01000010
01000010
01001010
01001010
01001010
01001010
00111100

X
00000000
01000010
00100010
00010100
00001000
00010100
00100010
01000010

Y
00000000
01000010
00100100
00011000
00001000
00001000
00001000
00001000

Z
01111110
00000100
00001000
00010000
00010000
00100000
01000000
01111110

0
00000000
00111100
01000010
01000010
01000010
01000010
01000010
00111100

1
00000000
00001000
00111000
00001000
00001000
00001000
00001000
00111110

2
00000000
00111100
01000010
00000100
00001000
00010000
00100000
01111110

3
00000000
01111100
00000010
00000010
01111100
00000010
00000010
01111100

4
00000000
01000100
01000100
01000100
01111110
00000100
00000100
00000100

5
00000000
01111110
01000000
01000000
01111110
00000010
01000010
00111100

6
00000000
00111100
01000010
01000000
01111100
01000010
01000010
00111100

7
00000000
01111110
00000010
00000100
00001000
00010000
00010000
00010000

8
00000000
00111100
01000010
01000010
00111100
01000010
01000010
00111100

9
00000000
00111100
01000010
01000010
00111110
00000010
01000010
00111100
